<<<<<<< HEAD
fid: 29.893311589684515
precision: 0.3689
recall: 0.2291
=======
fid: 38.02290369854529
precision: 0.3475
recall: 0.2909
>>>>>>> main
